151 280 30281
176 225 30899
69 223 32305
28 285 32748
26 225 33383
18 28 34566
26 127 45283
26 174 45283
26 280 45283
26 81 45283
26 4 45283
26 152 45283
26 225 45283
26 208 45283
26 9 45283
26 18 45283
26 121 45283
26 64 45283
26 30 45283
26 191 45283
26 53 45283
26 307 45283
26 298 45283
26 12 45283
26 285 45283
26 180 45283
26 69 45283
26 223 45283
26 256 45283
28 4 50654
26 127 52194
26 174 52194
26 280 52194
26 81 52194
26 4 52194
26 152 52194
26 225 52194
26 208 52194
26 9 52194
26 18 52194
26 121 52194
26 64 52194
26 30 52194
26 191 52194
26 53 52194
26 307 52194
26 298 52194
26 12 52194
26 285 52194
26 180 52194
26 69 52194
26 223 52194
26 256 52194
26 307 53193
225 26 65652
280 151 70480
280 151 71251
26 225 77249
26 225 77369
18 208 112203
18 307 112203
223 225 117245
26 225 120668
69 223 129060
307 28 131014
151 280 131152
307 180 137516
18 208 137607
180 152 141577
151 280 202598
151 280 202802
9 225 204400
28 285 205625
251 12 207507
12 251 210621
26 92 217013
180 307 219571
208 28 221592
208 28 221614
180 152 223711
151 280 289937
151 280 290117
28 285 290164
28 251 290270
53 280 291534
180 152 293031
18 208 294543
26 4 302602
280 174 303359
280 53 303359
180 152 304349
223 28 373941
180 152 379975
12 28 381143
251 28 389943
180 292 390998
53 307 552856
307 53 634267
280 174 644069
280 53 644069
176 223 647188
176 223 648001
28 9 648550
28 18 648550
28 151 648550
28 307 648550
28 285 648550
208 28 652829
208 28 652835
208 28 652860
28 12 653256
208 28 654546
225 176 664140
225 176 664334
53 280 719994
69 223 723730
280 53 725020
26 4 725959
28 9 726338
28 18 726338
28 151 726338
28 307 726338
28 12 726361
26 225 726424
180 18 727273
12 28 727607
151 280 730731
53 280 730798
151 280 731236
180 18 731343
151 54 731468
208 28 735899
30 54 737681
53 174 739070
53 280 739070
18 28 805976
280 151 806988
152 280 811347
151 280 811473
180 18 811932
280 151 813576
9 28 815691
151 280 821003
18 180 822907
26 225 833434
180 307 834851
180 307 836447
180 18 893689
180 298 894360
180 298 894632
18 307 895581
180 18 897211
69 223 897372
223 69 897776
180 298 901685
53 298 907413
30 28 909127
307 127 914807
307 18 918470
151 152 987879
152 151 1151889
152 28 1152147
9 127 1154126
28 195 1154776
28 141 1154776
28 127 1154776
28 280 1154776
28 208 1154776
28 18 1154776
28 307 1154776
28 26 1154776
28 12 1154776
28 285 1154776
28 223 1154776
26 92 1165231
28 280 1168598
28 81 1168598
28 152 1168598
28 176 1168598
28 64 1168598
28 30 1168598
28 151 1168598
28 26 1168598
28 69 1168598
28 223 1168598
151 54 1175413
69 121 1239404
28 285 1246639
30 26 1248006
26 30 1252426
81 226 1255789
53 174 1258492
4 12 1259231
12 4 1260466
4 12 1260934
12 4 1261972
4 12 1263155
152 151 1266414
26 225 1272732
9 127 1321363
30 26 1321814
26 30 1322008
208 28 1323186
208 28 1323202
4 12 1335149
12 4 1336072
4 12 1340584
28 195 1343781
12 4 1344468
4 12 1347900
9 225 1349406
9 26 1349406
26 225 1350065
26 9 1350065
225 127 1351620
225 208 1351620
225 9 1351620
225 18 1351620
225 191 1351620
225 307 1351620
225 26 1351620
225 163 1351620
225 256 1351620
208 18 1351782
26 9 1357498
26 225 1357502
26 225 1371211
53 174 1418062
53 280 1418062
151 54 1436504
26 225 1447108
26 225 1455759
151 152 1503397
208 28 1507698
28 18 1507814
28 26 1507837
4 26 1514762
208 28 1514938
26 4 1515971
26 4 1516630
26 223 1517907
256 191 1518014
223 26 1518397
26 225 1519744
26 298 1521139
26 225 1521319
298 26 1521655
1 196 1523985
26 225 1528881
225 26 1531504
26 225 1532143
26 285 1532414
307 127 1647316
307 18 1648324
307 208 1649441
307 69 1651689
307 28 1652352
208 307 1753429
223 225 1758709
307 208 1762299
152 280 1762474
69 307 1763765
69 307 1764144
28 151 1764335
28 53 1764402
307 69 1767995
28 285 1771200
307 26 1771499
26 307 1772076
26 1 1772547
26 196 1772547
307 26 1773608
26 307 1774701
307 26 1775238
4 26 1775998
298 109 1776195
26 307 1777125
280 53 1779196
225 18 1796388
53 280 1841729
280 53 1842539
280 53 1842657
53 280 1844263
180 152 1847538
307 127 1854279
307 223 1854279
223 127 1854976
223 307 1854976
223 307 1855354
307 223 1857815
225 223 1859390
223 225 1860216
208 28 1867631
307 208 1907438
307 18 1907438
307 225 1912354
307 208 1930715
307 18 1930715
180 152 1934550
18 307 1934670
152 180 1935404
307 18 1936117
208 307 1936799
180 152 1938967
151 54 1939613
151 280 1956888
151 280 1957216
151 280 1957249
26 225 2010703
223 28 2014390
26 4 2015113
151 280 2024486
26 225 2025091
26 225 2025289
151 280 2031854
208 307 2032007
26 225 2036425
26 151 2037309
1 225 2040513
176 223 2042711
151 54 2044475
225 26 2070942
225 26 2071073
225 26 2071154
225 26 2071340
225 1 2071600
225 223 2071784
9 225 2107734
9 26 2107734
26 225 2107951
26 9 2107951
81 28 2108025
176 223 2110861
223 225 2124614
225 26 2131266
26 4 2150270
18 208 2358543
18 307 2358543
81 28 2360609
151 280 2360800
30 26 2362188
26 30 2362571
208 28 2365183
223 28 2378675
223 28 2379128
81 54 2393832
223 28 2446767
174 53 2448694
223 28 2456732
81 28 2457260
151 54 2461217
26 280 2463984
26 307 2468149
26 223 2477906
26 225 2533178
223 28 2544410
18 208 2549242
223 28 2551583
223 26 2552128
26 28 2553634
28 26 2554759
225 26 2555007
26 225 2555381
225 26 2555742
26 225 2556064
298 69 2558097
53 174 2559319
307 191 2559437
191 256 2560070
208 18 2562952
53 280 2614662
280 53 2617722
223 225 2623006
223 28 2623439
180 18 2627739
180 152 2630696
180 298 2630696
53 280 2634339
53 280 2634410
151 26 2639506
151 152 2639557
26 151 2640091
152 180 2645678
256 191 2654746
191 256 2655507
225 223 2678949
81 28 2709689
180 298 2711714
180 298 2711805
223 176 2712778
26 223 2715283
280 28 2716475
280 28 2716537
152 280 2718690
223 18 2731322
223 225 2830537
53 280 2916033
280 53 2927229
225 223 2936566
208 28 2964253
69 223 2967353
151 280 2967889
151 26 2968090
151 280 2968164
4 26 2975219
151 26 2975436
26 4 2975917
26 151 2980106
180 298 2985287
223 28 2989711
223 225 2991456
225 223 3014285
223 28 3054958
176 26 3055579
26 176 3062363
223 208 3063723
208 28 3066031
30 26 3066612
26 30 3067881
30 26 3089488
208 28 3135446
151 280 3143509
151 280 3143584
26 225 3146806
180 152 3147622
28 1 3155490
298 109 3156081
53 174 3181449
225 26 3185118
53 280 3225862
280 53 3226957
180 18 3227781
53 280 3231970
28 285 3244900
28 285 3244937
176 127 3249110
223 280 3257520
81 28 3260894
30 26 3261010
26 30 3274160
174 53 3309162
26 127 3310148
26 174 3310148
26 280 3310148
26 81 3310148
26 4 3310148
26 152 3310148
26 225 3310148
26 208 3310148
26 9 3310148
26 18 3310148
26 121 3310148
26 64 3310148
26 30 3310148
26 191 3310148
26 53 3310148
26 307 3310148
26 298 3310148
26 12 3310148
26 285 3310148
26 180 3310148
26 69 3310148
26 223 3310148
26 256 3310148
223 28 3317106
223 53 3317156
30 26 3321284
26 30 3330058
12 28 3331838
180 18 3339368
223 225 3432506
225 223 3511482
223 225 3521501
225 26 3647164
225 26 3647621
223 28 3662703
191 256 3665997
298 69 3741748
223 127 3744866
223 53 3745486
223 28 3745644
208 28 3746734
223 28 3748035
28 223 3749542
26 28 3751770
174 53 3752145
174 298 3753242
180 225 3755079
30 26 3762663
26 30 3763440
12 28 3763625
18 28 3764163
81 28 3770188
81 226 3775893
30 26 3780940
26 30 3784819
225 180 3785354
18 180 3832299
151 54 3833032
151 81 3833065
26 69 3848818
53 28 3854005
18 28 3856318
208 28 3857040
180 307 3857746
223 225 3859255
180 18 3860002
225 223 3893774
69 26 3924540
18 28 3924555
28 18 3925054
208 9 3932537
208 18 3932537
208 1 3932537
208 256 3932537
208 307 3932618
151 26 3932873
298 26 3933095
28 18 3933363
26 151 3933435
9 208 3934148
26 28 3935466
280 53 3936001
53 280 3936501
208 127 3936771
26 28 3936828
26 28 3936884
298 26 3937147
26 28 3937476
18 28 3937805
26 28 3938395
1 208 3939073
1 28 3939073
307 208 3939506
307 28 3939506
208 28 3939976
26 28 3941376
9 208 3944687
9 208 3944750
28 256 3946084
28 26 3946302
208 28 3946324
1 208 3947190
1 28 3947190
28 26 3950402
28 26 3950538
28 26 3951472
256 28 3951669
26 28 3967051
26 208 3967789
208 4 3997457
26 28 4003705
4 208 4005526
53 174 4006815
28 298 4009529
4 208 4009667
298 28 4010216
208 28 4011727
28 26 4017548
28 26 4017576
28 26 4017594
28 26 4017621
28 26 4017669
28 26 4017709
28 26 4017739
176 26 4029979
180 18 4034701
26 28 4209560
208 28 4256553
26 28 4260652
28 53 4261701
26 28 4262205
208 28 4267555
174 195 4269773
256 208 4275827
18 180 4291370
280 28 4291591
280 53 4291996
152 180 4361247
1 256 4369809
28 121 4435858
28 121 4438468
28 12 4438871
28 141 4440001
28 174 4440001
28 18 4440001
28 1 4440001
28 307 4440001
28 26 4440001
28 12 4440001
28 285 4440001
28 223 4440001
53 28 4442878
28 53 4445151
53 28 4448857
30 26 4451628
26 30 4452293
152 180 4452314
280 53 4483715
53 280 4517968
208 28 4518473
53 280 4519038
28 280 4523485
28 81 4523485
28 121 4523485
28 64 4523485
28 30 4523485
28 26 4523485
28 69 4523485
28 223 4523485
28 127 4523620
28 4 4523620
28 208 4523620
28 9 4523620
28 18 4523620
28 1 4523620
28 307 4523620
28 12 4523620
28 256 4523620
12 285 4548109
12 285 4548185
53 280 4603245
280 53 4606625
53 280 4607082
69 28 4609861
28 285 4613126
53 174 4617920
53 280 4617920
28 180 4622941
28 180 4623372
28 180 4624046
28 191 4624228
28 180 4624228
69 307 4624330
225 307 4809690
225 127 4810681
225 18 4810681
225 307 4810681
225 26 4810681
225 307 4810928
225 26 4820460
225 26 4821239
26 225 4827093
26 225 4827107
26 225 4827125
26 225 4827138
26 225 4828098
307 225 4866666
180 152 4867922
30 28 4870723
69 28 4871601
81 28 4873158
223 28 4873305
28 298 4874076
9 28 4876100
152 180 4876348
180 152 4878273
26 18 4880036
53 174 4881265
53 280 4881265
12 18 4884073
180 307 4884399
298 28 4887119
174 53 4889324
180 18 4893187
18 28 4893666
18 28 4893731
298 28 4894134
225 223 4910162
28 285 4955077
280 53 4955181
64 28 4955544
26 28 4956060
53 280 4956133
28 81 4958539
28 26 4958539
280 53 4958917
280 53 4959142
280 28 4962463
81 28 4964777
28 26 4969691
28 18 4971662
26 28 4973375
180 18 4974239
180 18 4975340
28 18 4976228
26 223 4977249
180 18 4978673
151 152 4979210
151 152 4979276
18 28 4979298
180 18 4980347
81 28 4989481
208 28 5048130
28 121 5048191
180 152 5049068
256 28 5049451
28 9 5058052
152 151 5060194
9 28 5070357
191 256 5070700
176 127 5129113
53 28 5137535
81 28 5219335
174 195 5219530
174 195 5219582
298 174 5220001
174 298 5220190
81 26 5226583
12 28 5227006
26 81 5232002
280 53 5471292
53 174 5474586
53 280 5474586
28 285 5477388
208 28 5477887
9 26 5481165
26 28 5481669
26 9 5481962
256 307 5483725
26 225 5493513
26 225 5567762
208 28 5575616
208 28 5575634
208 28 5575641
208 28 5575659
208 28 5575674
69 223 5581282
28 256 5581478
174 195 5647725
280 174 5650235
280 53 5650235
26 28 5654530
223 69 5676146
69 223 5868652
4 12 37636712
223 225 37715699
151 54 37715845
225 223 37719099
223 225 37731382
26 151 37893199
127 256 6255398
18 208 6280864
18 307 6280864
256 127 6560275
53 280 6592618
307 225 6593451
151 152 6599966
69 298 6601193
298 69 6601911
180 307 6602538
53 280 6607151
12 4 6615170
152 30 6681248
152 28 6681437
152 151 6681738
208 28 6690024
208 28 6690038
69 285 6691275
225 26 6696860
174 298 6700035
18 208 6703507
208 18 6705236
225 18 6716811
225 307 6724008
208 28 6764556
208 28 6768037
208 18 6768103
18 225 6773132
1 4 6783646
4 1 6783790
180 152 6790572
180 298 6790572
53 280 6853301
280 53 6856004
53 280 6857933
69 223 6859229
280 53 6859259
53 280 6859357
280 53 6859529
69 223 6860335
53 298 6862043
298 53 6862116
1 191 6870903
151 26 6881553
180 152 6942100
152 180 6942506
12 28 6943616
223 28 6944278
223 28 6947243
4 12 6948152
53 174 6949253
53 280 6949253
53 298 6949253
53 280 6949290
307 180 6951196
81 69 6953139
12 4 6954275
307 225 6962714
26 225 6996971
26 151 6997181
174 53 7197274
53 280 7198020
53 174 7198046
174 53 7198202
280 53 7198767
223 28 7198971
223 225 7200847
53 174 7201695
18 180 7202318
208 28 7204947
298 174 7207362
53 280 7207708
223 225 7208780
280 53 7209483
208 28 7215833
26 225 7218661
28 151 7219634
176 223 7224116
176 223 7228322
26 225 7235152
180 152 7289810
127 26 7292070
26 225 7293455
152 180 7294464
256 121 7307638
26 225 7308503
223 28 7371244
180 152 7372962
26 127 7379645
180 18 7381054
180 18 7381700
18 180 7381839
26 12 7388381
26 225 7389449
225 26 7389604
26 225 7389956
26 28 7390878
307 28 7392099
127 26 7392593
176 223 7392743
208 285 7392923
225 26 7392934
223 28 7393075
26 225 7393439
225 26 7394622
26 225 7394751
18 28 7394832
18 28 7394851
225 26 7395224
26 225 7395394
225 307 7396700
223 176 7457021
280 53 7459799
180 152 7460685
180 152 7462092
180 152 7463174
53 280 7463818
53 280 7463837
280 53 7465637
69 226 7466091
191 127 7478290
280 53 7479573
280 53 7480747
180 18 7489484
53 280 7545120
26 28 7547570
53 251 7559827
180 191 7561955
280 225 7565256
225 307 7747796
307 225 7749820
256 18 7752977
256 307 7753215
208 285 7804475
307 28 7805855
307 180 7809630
307 180 7809640
180 18 7814509
53 174 7819976
28 285 7820910
223 176 7821430
18 208 7823296
28 18 7823317
127 256 7833064
28 18 7899433
18 28 7899532
53 298 7899688
28 18 7899734
28 18 7901120
28 208 7905984
298 174 7908363
298 53 7908363
53 298 7909045
53 298 7909154
28 208 7911829
28 18 7911829
28 208 7913746
28 18 7913746
26 18 7973566
298 141 7980242
18 26 7981603
53 298 7982141
174 53 7982336
298 53 7982384
53 28 7983764
53 174 7983785
28 53 7984374
12 4 7986532
1 256 7987447
28 195 7987482
28 280 7987482
28 225 7987482
28 285 7987482
28 256 7987482
28 251 7987482
18 208 7994766
28 208 7994961
28 18 7994961
280 53 7998650
141 12 7999426
53 280 8008629
53 280 8008769
280 53 8010935
53 280 8015764
280 53 8017287
53 280 8080423
53 280 8082699
12 28 8083686
280 53 8083973
12 28 8087146
251 53 8088025
307 180 8090887
53 251 8097046
180 152 8152412
127 26 8152490
12 28 8153592
174 53 8171367
53 174 8172367
53 280 8173112
280 53 8173504
280 151 8173747
298 109 8175147
1 127 8175579
208 28 8176641
298 109 8176861
53 280 8274859
30 28 8413286
223 18 8414523
26 30 8419738
151 54 8425531
12 28 8426609
127 26 8432143
26 92 8432793
81 28 8441532
26 92 8453301
18 208 8498425
251 28 8506264
12 28 8508493
174 195 8511496
174 53 8511496
208 225 8523519
180 152 8585168
26 12 8589005
180 18 8589103
26 12 8597806
28 298 8600437
18 1 8670002
180 152 8672768
180 298 8672768
180 152 8673614
180 18 8679373
26 28 8679473
28 26 8683093
180 18 8687947
26 223 8688700
26 223 8688800
180 18 8696657
28 26 8756922
12 28 8757763
180 18 8759389
26 28 8759739
9 28 8764592
18 208 8764596
18 28 8764596
28 280 8764975
28 81 8764975
28 121 8764975
28 64 8764975
28 30 8764975
28 26 8764975
28 69 8764975
26 28 8766133
1 256 8766745
81 28 8768270
223 28 8768757
256 1 8770030
12 28 8775970
26 12 8849866
53 174 8890917
307 208 9015682
307 18 9015682
174 53 9016243
174 53 9016508
180 18 9019110
298 195 9021616
298 141 9021616
298 53 9021616
298 251 9021616
307 208 9022187
174 53 9023404
223 225 9026191
69 28 9029055
69 223 9029055
12 28 9040736
1 127 9041613
81 28 9049760
26 196 9102959
180 18 9105931
28 53 9115990
223 225 9116762
223 307 9117131
307 223 9120588
127 174 9121095
127 18 9121095
127 307 9121095
127 298 9121095
127 69 9121095
127 223 9121095
127 256 9121095
127 292 9121098
223 307 9121289
223 127 9121495
127 223 9122900
307 223 9125749
280 26 9184907
280 53 9185945
298 195 9190896
298 141 9190896
298 53 9190896
298 251 9190896
81 28 9191656
223 208 9193052
223 26 9193383
223 208 9193451
12 28 9193500
223 28 9193732
223 307 9193829
28 223 9194205
26 223 9194418
223 307 9194932
223 12 9195365
12 223 9196362
30 26 9196818
280 26 9196830
223 12 9196850
152 280 9196914
280 152 9197180
307 223 9197760
176 223 9199061
26 280 9199682
26 280 9199836
53 28 9201409
53 280 9202421
26 12 9202753
26 12 9203721
53 298 9204002
53 174 9204087
53 280 9204334
174 53 9204872
223 176 9204918
53 174 9205021
208 223 9205600
223 208 9205957
53 174 9207095
256 127 9210503
18 307 9217091
141 298 9221485
251 298 9267710
251 298 9269633
53 280 9272017
280 53 9272123
81 28 9277912
28 81 9279844
280 53 9282683
280 53 9282885
180 307 9283472
53 280 9283518
12 18 9285821
12 307 9285821
12 18 9287326
12 307 9287326
18 28 9287958
18 28 9288091
180 307 9289752
18 28 9292077
30 28 9292447
280 152 9293832
280 28 9293832
53 26 9293984
26 53 9294108
9 18 9295557
18 28 9295937
18 307 9295985
307 180 9296615
298 28 9301377
26 127 9314685
26 64 9356887
26 174 9356934
26 81 9356934
180 152 9360898
64 28 9361093
81 26 9366007
26 81 9366262
26 28 9369088
298 28 9369428
26 53 9375013
53 26 9377656
18 307 9378470
26 127 9383525
18 307 9386768
307 208 9387099
307 28 9387099
307 208 9387116
307 28 9387116
307 26 9389618
307 208 9389618
307 18 9389618
223 225 9463851
26 225 9498818
307 208 9559918
307 18 9559918
28 26 9619114
28 223 9619114
53 28 9623313
223 28 9623909
1 26 9625849
26 1 9626011
298 28 9626123
28 298 9629297
81 226 9632507
298 28 9633155
26 28 9633727
26 307 9636324
26 307 9637544
26 12 9641879
69 28 9644870
69 223 9644870
53 280 9645811
280 53 9646180
81 28 9650752
256 28 9679583
26 307 9700860
180 152 9706861
223 28 9708028
28 256 9712834
81 26 9713360
18 28 9713446
53 280 9714959
1 18 9717332
53 225 9718784
26 28 9719342
18 28 9719654
53 225 9723157
256 28 9726732
208 28 9740216
28 256 9790701
142 121 9794229
28 26 9796234
28 141 9798359
1 28 9803881
53 280 9805784
26 53 9807058
53 26 9807376
280 53 9809667
53 280 9810116
223 18 9811241
251 28 9873227
28 26 9876893
26 28 9879802
26 223 9879802
174 53 9893057
53 174 9894197
53 280 9895663
26 28 9897738
174 53 9967600
223 26 9975591
174 53 9976386
18 208 9979817
12 26 9984597
28 53 9986248
26 307 9989479
53 280 9995966
53 280 9996174
280 53 9997410
26 127 10009820
53 280 10011034
280 53 10051853
12 28 10227668
12 28 10227883
208 4 10230971
4 208 10231374
298 127 10241430
298 81 10241430
298 292 10241446
307 28 10243309
81 298 10245166
18 307 10246004
26 237 10262958
81 28 10310956
307 208 10325605
12 28 10335314
81 28 10397941
152 180 10401985
69 298 10404109
69 285 10404190
223 225 10412111
180 18 10413802
26 127 10416466
26 174 10416466
26 280 10416466
26 81 10416466
26 4 10416466
26 152 10416466
26 225 10416466
26 208 10416466
26 9 10416466
26 18 10416466
26 121 10416466
26 64 10416466
26 30 10416466
26 191 10416466
26 53 10416466
26 307 10416466
26 298 10416466
26 12 10416466
26 285 10416466
26 180 10416466
26 69 10416466
26 223 10416466
26 256 10416466
26 225 10418257
26 225 10422705
307 12 10489554
180 18 10490480
280 26 10507521
127 256 10511394
256 127 10511993
127 256 10513068
26 280 10530258
280 26 10531174
208 26 10583693
12 307 10587152
12 307 10587516
151 152 10587829
151 280 10597575
151 280 10597650
280 26 10601459
26 225 10613584
26 280 10613678
53 280 10768692
9 225 10773985
280 26 10782895
26 280 10789342
280 26 10830548
307 127 10830741
26 280 10830985
298 127 10837535
127 298 10838439
298 127 10839266
127 298 10842516
26 9 10844558
18 180 10844686
180 18 10845395
18 307 10846622
223 28 10848660
26 127 10854028
26 174 10854028
26 280 10854028
26 81 10854028
26 4 10854028
26 152 10854028
26 225 10854028
26 208 10854028
26 9 10854028
26 18 10854028
26 121 10854028
26 64 10854028
26 30 10854028
26 191 10854028
26 53 10854028
26 307 10854028
26 298 10854028
26 12 10854028
26 285 10854028
26 180 10854028
26 69 10854028
26 223 10854028
26 256 10854028
280 26 10857904
225 223 10858104
18 307 10858562
26 280 10863376
26 12 10918395
223 225 10920278
152 298 10923947
152 180 10923947
81 223 10924725
280 28 10925571
180 152 10935834
18 26 10942084
26 208 10997787
208 26 10999354
9 225 10999711
9 225 11008060
208 26 11008081
9 225 11009711
9 225 11010585
26 152 11025945
176 223 11028113
26 208 11028123
26 307 11028570
9 225 11028692
26 152 11033843
81 28 11035912
280 26 11047000
26 280 11049529
280 26 11049634
180 152 11089966
9 18 11089990
18 127 11093455
18 4 11093455
18 208 11093455
18 9 11093455
18 1 11093455
18 307 11093455
18 12 11093455
18 256 11093455
9 18 11096230
30 280 11099685
30 81 11099685
30 152 11099685
30 64 11099685
30 151 11099685
30 26 11099685
30 69 11099685
30 223 11099685
81 30 11101179
280 225 11107983
26 152 11110648
69 28 11112270
109 298 11131896
298 109 11171093
9 208 11172079
28 26 11172616
28 26 11172630
9 208 11173634
280 26 11174874
280 225 11175003
26 280 11175120
26 152 11175537
223 127 11176447
26 285 11176494
223 18 11177349
223 176 11177400
26 285 11177405
9 208 11178061
18 127 11178309
26 127 11182557
26 174 11182557
26 280 11182557
26 81 11182557
26 4 11182557
26 152 11182557
26 208 11182557
26 9 11182557
26 18 11182557
26 121 11182557
26 64 11182557
26 30 11182557
26 191 11182557
26 53 11182557
26 307 11182557
26 298 11182557
26 12 11182557
26 285 11182557
26 180 11182557
26 69 11182557
26 223 11182557
26 256 11182557
18 28 11183159
307 18 11183591
176 223 11194699
109 285 11391354
223 28 11604851
28 69 11613484
174 298 11616873
298 174 11617022
26 307 11622252
280 53 11625076
26 225 11625688
225 26 11628793
223 127 11693771
28 285 11695533
180 152 11697017
26 280 11698105
152 180 11701543
307 256 11703140
180 152 11703805
4 28 11709545
18 28 11713305
18 180 11714867
127 256 11730116
256 127 11730663
81 28 11783782
26 307 11784869
69 28 11788293
176 223 11799149
81 223 11799218
191 1 11805070
26 127 11865389
26 174 11865389
26 280 11865389
26 81 11865389
26 4 11865389
26 152 11865389
26 225 11865389
26 208 11865389
26 9 11865389
26 18 11865389
26 121 11865389
26 64 11865389
26 30 11865389
26 191 11865389
26 53 11865389
26 307 11865389
26 298 11865389
26 12 11865389
26 285 11865389
26 180 11865389
26 69 11865389
26 223 11865389
26 256 11865389
81 28 11869755
307 223 11870047
18 307 11871356
26 9 11875496
81 28 11878741
26 237 11879070
298 109 11893687
298 81 11894265
298 292 11894280
208 28 11896219
9 26 11949874
26 9 11950346
9 26 11952225
28 208 11953865
28 285 11954701
28 307 11959620
26 298 11964663
298 26 11964770
26 92 11965019
174 53 11970141
152 151 11979592
4 26 11980601
26 4 11987783
208 225 12163116
225 208 12213033
180 225 12214353
208 256 12219362
81 30 12220270
127 223 12226049
30 81 12226270
81 28 12233744
256 208 12237260
28 69 12304812
307 292 12307277
26 280 12315241
251 28 12316840
69 28 12318953
298 28 12322209
152 151 12339567
152 151 12340232
208 127 12344520
18 225 12388571
18 225 12390337
9 225 12393403
191 225 12410623
26 1 12411888
191 225 12414515
9 225 12466799
180 152 12473192
223 28 12475403
81 26 12475539
26 81 12476018
256 28 12477543
280 26 12480366
26 280 12482768
191 225 12489987
81 28 12494765
18 180 12564908
223 28 12567705
152 180 12573110
26 280 12576086
180 152 12578745
307 180 12581370
256 307 12584624
34 26 12597313
152 151 12820307
18 180 12820571
180 307 12824462
151 280 12835238
12 28 12841256
12 28 12841319
152 151 12841944
18 28 12897217
53 12 12897244
28 18 12901779
237 26 12902583
12 53 12905154
53 12 12905274
12 53 12905396
53 298 12910710
298 53 12911523
307 28 12915155
28 307 12915931
180 18 12992202
307 127 13003547
208 256 13007147
256 208 13016471
256 208 13018013
256 208 13018701
208 28 13074178
307 28 13075697
18 180 13077205
28 18 13080797
18 208 13081998
18 28 13081998
298 53 13083003
53 298 13083836
180 18 13088406
53 225 13097072
12 285 13102080
151 280 13105580
53 225 13157952
9 225 13160862
12 307 13168528
30 26 13170909
53 225 13174464
53 225 13177019
53 280 13416850
280 53 13421864
81 12 13428181
28 176 13428459
53 280 13430420
53 127 13433035
307 223 13435622
298 28 13436450
223 225 13436558
18 28 13437781
28 18 13439274
180 225 13439431
180 152 13439499
225 180 13439983
9 225 13440749
225 9 13441614
81 223 13444190
225 127 13452762
225 152 13452762
225 208 13452762
225 9 13452762
225 18 13452762
225 1 13452762
225 191 13452762
225 307 13452762
225 298 13452762
225 26 13452762
225 163 13452762
225 256 13452762
225 26 13501995
141 298 13503478
280 53 13505239
280 151 13508684
28 18 13509581
69 223 13515914
69 307 13516812
151 54 13519702
18 28 13520399
53 280 13521076
28 18 13523291
223 69 13523715
28 18 13523777
307 28 13525592
225 163 13526422
180 225 13526535
225 180 13526723
9 225 13529577
298 141 13534505
141 298 13538530
30 176 13540847
176 28 13589424
176 30 13589805
28 176 13592158
223 225 13592748
81 28 13595714
28 53 13598324
18 127 13598474
53 174 13599587
18 28 13600210
223 225 13600482
69 223 13602492
53 28 13606138
174 53 13611442
53 174 13612336
180 18 13618735
280 53 13621745
53 280 13625376
18 180 13676024
223 225 13682981
223 127 13683757
53 225 13684482
28 141 13686947
12 28 13688982
53 298 13689554
152 180 13691853
280 26 13707264
191 225 13709246
223 69 13765648
174 18 13766610
223 28 13768674
69 223 13773593
53 127 13791494
69 28 13970275
28 69 14023475
223 127 14024910
280 53 14026281
53 280 14026925
225 280 14029973
225 26 14029973
180 225 14031265
18 180 14032846
18 180 14032861
69 28 14033703
53 280 14041857
53 174 14041992
280 53 14042677
53 280 14043140
280 26 14055662
53 12 14057318
53 225 14057324
12 53 14057459
28 195 14114411
28 141 14114411
28 127 14114411
28 174 14114411
28 280 14114411
28 4 14114411
28 152 14114411
28 225 14114411
28 208 14114411
28 9 14114411
28 176 14114411
28 1 14114411
28 64 14114411
28 30 14114411
28 191 14114411
28 298 14114411
28 26 14114411
28 12 14114411
28 285 14114411
28 223 14114411
28 256 14114411
28 81 14114412
28 18 14114412
28 53 14114412
28 180 14114412
53 174 14114959
141 28 14115889
53 298 14118828
18 28 14130129
307 223 14131285
142 81 14134540
180 18 14134754
180 18 14134962
53 280 14137760
142 81 14139114
225 26 14145790
174 53 14195457
12 4 14202540
18 28 14205863
53 174 14211607
298 28 14215198
53 127 14225113
53 141 14226636
280 151 14228117
280 28 14228368
18 208 14229589
280 174 14238394
280 53 14238394
9 225 14238794
9 225 14245817
28 1 14114327
30 26 14125357
208 225 14126996
81 26 14128155
208 225 14129129
53 298 14194336
53 141 14194597
53 12 14194597
53 280 14195322
208 225 14195686
280 53 14195911
28 225 14197416
53 28 14200944
307 28 14200998
28 53 14202274
1 28 14202542
53 28 14204589
28 53 14205803
81 142 14206488
53 28 14207544
26 127 14207998
26 174 14207998
26 280 14207998
26 81 14207998
26 4 14207998
26 152 14207998
26 225 14207998
26 208 14207998
26 9 14207998
26 18 14207998
26 121 14207998
26 64 14207998
26 30 14207998
26 191 14207998
26 53 14207998
26 307 14207998
26 298 14207998
26 12 14207998
26 285 14207998
26 180 14207998
26 69 14207998
26 223 14207998
26 256 14207998
208 225 14208048
298 53 14208403
81 28 14209063
180 225 14209453
53 298 14210053
298 53 14210531
28 307 14220527
180 18 14223891
26 92 14236615
26 92 14239086
142 81 14293743
53 298 14307600
18 28 14459896
298 53 14462906
53 298 14464235
298 53 14464431
12 28 14464923
9 26 14473216
28 18 14475104
28 12 14475104
28 285 14475104
28 223 14475104
28 280 14475951
298 174 14480601
28 18 14483121
28 12 14483121
28 285 14483121
28 223 14483121
81 28 14544443
53 298 14548498
26 9 14552323
9 26 14554092
307 223 14554390
53 298 14555039
26 127 14558775
53 28 14561877
152 180 14562018
28 53 14562745
127 256 14566072
298 53 14566192
26 9 14568256
223 69 14574899
69 223 14579768
81 28 14634652
53 12 14635141
12 28 14636145
9 26 14639611
26 9 14641437
9 26 14645857
12 53 14648461
53 12 14649062
9 26 14649270
12 53 14649306
174 53 14650373
28 141 14652803
69 28 14680839
28 53 14715136
298 127 14717121
298 53 14717121
307 18 14721135
256 307 14722214
26 307 14723951
307 26 14724326
53 298 14724519
307 223 14724959
30 26 14743329
180 152 14802887
12 208 14806394
18 208 14808129
18 307 14808129
26 9 14811704
26 92 14811747
191 225 14811897
81 28 14813084
256 307 14813907
127 256 14816293
180 152 14817689
191 225 14823737
191 225 14826357
26 81 14847084
4 28 15150824
30 28 15153684
223 176 15153803
174 53 15154676
30 28 15156093
53 298 15157912
176 223 15178215
176 223 15178461
280 26 15201333
26 280 15233471
280 151 15235594
280 26 15235717
141 28 15235940
26 280 15237172
26 28 15237259
18 180 15239356
30 121 15245389
176 223 15253414
28 176 15253421
4 28 15254320
26 176 15255211
53 280 15320662
28 141 15325274
28 127 15325274
28 174 15325274
28 280 15325274
28 81 15325274
28 4 15325274
28 152 15325274
28 225 15325274
28 208 15325274
28 9 15325274
28 18 15325274
28 176 15325274
28 121 15325274
28 1 15325274
28 64 15325274
28 30 15325274
28 191 15325274
28 53 15325274
28 307 15325274
28 298 15325274
28 26 15325274
28 12 15325274
28 285 15325274
28 180 15325274
28 223 15325274
28 256 15325274
28 195 15325438
28 141 15325438
28 127 15325438
28 174 15325438
28 280 15325438
28 81 15325438
28 4 15325438
28 152 15325438
28 225 15325438
28 208 15325438
28 9 15325438
28 18 15325438
28 176 15325438
28 121 15325438
28 1 15325438
28 30 15325438
28 191 15325438
28 53 15325438
28 307 15325438
28 298 15325438
28 26 15325438
28 12 15325438
28 285 15325438
28 180 15325438
28 223 15325438
28 256 15325438
28 141 15325521
28 127 15325521
28 174 15325521
28 280 15325521
28 81 15325521
28 4 15325521
28 152 15325521
28 225 15325521
28 208 15325521
28 9 15325521
28 18 15325521
28 176 15325521
28 121 15325521
28 1 15325521
28 30 15325521
28 191 15325521
28 53 15325521
28 307 15325521
28 298 15325521
28 26 15325521
28 12 15325521
28 285 15325521
28 180 15325521
28 223 15325521
28 256 15325521
53 298 15329627
223 28 15330165
208 28 15413487
208 28 15413624
208 28 15414106
293 26 15415162
4 28 15420057
298 53 15420796
307 18 15421791
307 223 15421791
4 28 15422075
18 28 15423242
223 225 15427448
26 293 15444439
223 26 15665521
26 223 15667325
176 223 15669097
174 28 15671593
12 26 15672585
12 26 15672676
12 141 15673280
12 307 15673280
12 223 15673280
26 12 15673332
12 28 15676842
280 53 15680714
28 176 15684349
26 127 15685986
26 174 15685986
26 280 15685986
26 4 15685986
26 152 15685986
26 208 15685986
26 18 15685986
26 121 15685986
26 30 15685986
26 191 15685986
26 53 15685986
26 307 15685986
26 298 15685986
26 12 15685986
26 180 15685986
26 69 15685986
26 256 15685986
26 176 15685986
30 26 15686543
53 280 15686720
26 30 15686998
53 127 15691544
53 26 15691945
9 18 15696047
280 53 15699732
81 28 15700257
53 280 15750877
180 152 15757515
30 26 15758833
26 30 15759551
53 280 15759604
53 298 15761498
180 18 15762060
298 53 15762256
26 127 15767851
26 174 15767851
26 280 15767851
26 4 15767851
26 152 15767851
26 208 15767851
26 18 15767851
26 121 15767851
26 30 15767851
26 191 15767851
26 53 15767851
26 307 15767851
26 298 15767851
26 12 15767851
26 180 15767851
26 69 15767851
